7 0.653125 0.8734375 0.32265625 0.253125
7 0.58515625 0.6421875 0.22734375 0.190625
7 0.59921875 0.4890625 0.15625 0.0796875
7 0.75703125 0.49375 0.05 0.0890625
7 0.70546875 0.36015625 0.0375 0.0578125
7 0.60625 0.403125 0.0859375 0.05859375
7 0.41015625 0.4734375 0.1265625 0.0671875
7 0.23046875 0.6375 0.09765625 0.08125
7 0.178125 0.5515625 0.0890625 0.0984375
7 0.05703125 0.871875 0.10234375 0.21953125
7 0.203125 0.85390625 0.08203125 0.1625
7 0.39140625 0.5890625 0.03671875 0.07265625
7 0.3859375 0.40078125 0.22578125 0.05625
7 0.434375 0.33359375 0.09765625 0.0671875