7 0.3875 0.75546875 0.10078125 0.18125
7 0.409375 0.92890625 0.11875 0.14140625
7 0.4984375 0.8578125 0.0796875 0.1046875
7 0.54921875 0.64140625 0.09140625 0.1359375
7 0.6609375 0.678125 0.07265625 0.09140625
7 0.62734375 0.7796875 0.11484375 0.1
7 0.84921875 0.7453125 0.2125 0.140625
7 0.69296875 0.565625 0.2046875 0.1234375
7 0.815625 0.5390625 0.1390625 0.1671875
7 0.24921875 0.70703125 0.07578125 0.0640625
7 0.240625 0.80859375 0.08515625 0.08828125
7 0.1578125 0.95078125 0.2 0.09765625
7 0.1953125 0.5 0.20625 0.12421875