7 0.13515625 0.7515625 0.2703125 0.28203125
7 0.3875 0.66875 0.10546875 0.071875
7 0.33828125 0.58046875 0.10546875 0.11796875
7 0.703125 0.515625 0.15546875 0.13515625
7 0.328221865625 0.8852186234375001 0.3850803171875 0.9847804921875 0.5967687453125 0.9707795828125001 0.6833685515625 0.846327278125 0.7043623890624999 0.73432025 0.711360378125 0.6254244250000001 0.6098898578124999 0.5880887687499999 0.5984251765625 0.5835925359374999 0.47168012499999995 0.7280976109374999 0.3702096734375 0.7498767890625 0.310726959375 0.7747672265625 0.328221865625 0.8852186234375001
7 0.8215783515625 0.430967696875 0.812830896875 0.38585377187500003 0.763845103125 0.3500737453125 0.6859142406250001 0.36586314375 0.69211600625 0.41541115937499995 0.7577219109375 0.44030165468750004 0.8215783515625 0.430967696875
7 0.39921875 0.3765625 0.09609375 0.05625
7 0.52734375 0.57890625 0.0625 0.040625
7 0.584375 0.51953125 0.05703125 0.03828125
7 0.559375 0.45 0.078125 0.0796875
7 0.96015625 0.68984375 0.07890625 0.6203125