7 0.30078125 0.34140625 0.52890625 0.225
7 0.653125 0.38203125 0.2546875 0.22578125
7 0.634375 0.1484375 0.39609375 0.14453125
7 0.25859375 0.1015625 0.1359375 0.0828125
7 0.496875 0.06328125 0.35078125 0.12578125
7 0.896875 0.50625 0.20625 0.2296875
7 0.67890625 0.86796875 0.29453125 0.125
7 0.4515625 0.75234375 0.2140625 0.1390625
7 0.71640625 0.7640625 0.265625 0.1359375
7 0.7453125 0.690625 0.2765625 0.10078125
7 0.9625 0.80234375 0.07421875 0.07890625
7 0.746875 0.96171875 0.50546875 0.0765625