1 0.58671875 0.48046875 0.3921875 0.3078125
1 0.84765625 0.80703125 0.3046875 0.2140625
1 0.1734375 0.51484375 0.25 0.1234375
1 0.1703125 0.63359375 0.25 0.1328125
1 0.20703125 0.8109375 0.2171875 0.253125
1 0.30625 0.37890625 0.2625 0.1234375
1 0.33515625 0.275 0.1546875 0.05625
1 0.62109375 0.16484375 0.1734375 0.0703125
1 0.425 0.19609375 0.175 0.0765625
1 0.2609375 0.159375 0.1375 0.090625
1 0.34296875 0.0953125 0.1046875 0.05
1 0.45234375 0.0703125 0.1171875 0.040625
1 0.56171875 0.0953125 0.1171875 0.04375
1 0.73984375 0.1140625 0.0859375 0.034375
1 0.709375 0.06328125 0.0625 0.0203125
1 0.68984375 0.02421875 0.0578125 0.0203125
1 0.6203125 0.03984375 0.059375 0.0265625