1 0.66796875 0.6125 0.2640625 0.196875
1 0.325 0.85234375 0.4375 0.2765625
1 0.80234375 0.93671875 0.3296875 0.1203125
1 0.91796875 0.7453125 0.1578125 0.1375
1 0.3421875 0.45546875 0.390625 0.1640625
1 0.6875 0.38359375 0.153125 0.0671875
1 0.8765625 0.4375 0.140625 0.1
1 0.971875 0.51328125 0.05 0.0609375
1 0.6265625 0.184375 0.153125 0.053125
1 0.4828125 0.27890625 0.190625 0.0640625
1 0.4015625 0.21875 0.084375 0.0375
1 0.2171875 0.22890625 0.19375 0.0703125
1 0.69375 0.125 0.1 0.0375
1 0.58671875 0.1078125 0.1328125 0.040625
1 0.340625 0.15703125 0.246875 0.0671875
1 0.75078125 0.06796875 0.1796875 0.0703125
1 0.56875 0.34375 0.1375 0.053125
1 0.6890625 0.2828125 0.0625 0.0375
1 0.04140625 0.709375 0.0828125 0.10625