1 0.41484375 0.48046875 0.3921875 0.3078125
1 0.15234375 0.80703125 0.3046875 0.2140625
1 0.828125 0.51484375 0.25 0.1234375
1 0.8296875 0.63359375 0.25 0.1328125
1 0.79453125 0.8109375 0.2171875 0.253125
1 0.69375 0.37890625 0.2625 0.1234375
1 0.66484375 0.275 0.1546875 0.05625
1 0.37890625 0.16484375 0.1734375 0.0703125
1 0.575 0.19609375 0.175 0.0765625
1 0.7390625 0.159375 0.1375 0.090625
1 0.65859375 0.0953125 0.1046875 0.05
1 0.54921875 0.0703125 0.1171875 0.040625
1 0.43984375 0.0953125 0.1171875 0.04375
1 0.26015625 0.1140625 0.0859375 0.034375
1 0.2921875 0.06328125 0.0625 0.0203125
1 0.31171875 0.02421875 0.0578125 0.0203125
1 0.3796875 0.03984375 0.059375 0.0265625