1 0.79296875 0.4796875 0.0609375 0.053125
1 0.61953125 0.35390625 0.2515625 0.0734375
1 0.1234375 0.62890625 0.2375 0.2890625
1 0.05 0.890625 0.1 0.209375
1 0.559375 0.84375 0.371875 0.265625
1 0.7578125 0.68984375 0.078125 0.0734375
1 0.52421875 0.53671875 0.1296875 0.0796875
1 0.38671875 0.6234375 0.0609375 0.040625
1 0.33671875 0.415625 0.0609375 0.04375
1 0.703125 0.44765625 0.1125 0.0671875
1 0.7203125 0.5234375 0.046875 0.034375
1 0.8359375 0.61171875 0.05625 0.0578125
1 0.79765625 0.7765625 0.0609375 0.059375
1 0.38359375 0.31875 0.1703125 0.04375