1 0.3453125 0.54375 0.10625 0.09375
1 0.3671875 0.44296875 0.078125 0.0671875
1 0.4765625 0.490625 0.06875 0.053125
1 0.58203125 0.5140625 0.0703125 0.053125
1 0.5890625 0.38203125 0.06875 0.0640625
1 0.71640625 0.38984375 0.0640625 0.0734375
1 0.48125 0.671875 0.15625 0.14375
1 0.5171875 0.84375 0.10625 0.140625
1 0.90234375 0.125 0.1640625 0.096875
1 0.50859375 0.19609375 0.1109375 0.0578125
1 0.3484375 0.2859375 0.06875 0.04375
1 0.2703125 0.2140625 0.065625 0.053125
1 0.2140625 0.2671875 0.05625 0.053125
1 0.13359375 0.3015625 0.0984375 0.0625
1 0.234375 0.38359375 0.096875 0.0796875
1 0.34453125 0.3328125 0.0546875 0.04375
1 0.75 0.2453125 0.059375 0.04375