1 0.35546875 0.525 0.0703125 0.04375
1 0.12265625 0.81796875 0.1546875 0.1765625
1 0.20234375 0.8890625 0.0828125 0.103125
1 0.32890625 0.728125 0.0921875 0.090625
1 0.428125 0.74609375 0.09375 0.0828125
1 0.56640625 0.765625 0.0765625 0.0625
1 0.4859375 0.8765625 0.090625 0.1
1 0.34609375 0.89609375 0.0984375 0.1109375
1 0.4015625 0.971875 0.128125 0.05
1 0.634375 0.9484375 0.128125 0.084375
1 0.459375 0.5703125 0.04375 0.040625
1 0.42109375 0.54296875 0.0359375 0.0203125
1 0.52734375 0.52109375 0.1546875 0.1328125
1 0.771875 0.7078125 0.325 0.234375
1 0.93359375 0.90703125 0.1296875 0.1796875