1 0.60078125 0.765625 0.3015625 0.0875
1 0.33828125 0.95703125 0.3984375 0.0828125
1 0.7203125 0.93984375 0.353125 0.1171875
1 0.3109375 0.83359375 0.175 0.0859375
1 0.31171875 0.74375 0.1171875 0.028125
1 0.31171875 0.76796875 0.1171875 0.0359375
1 0.859375 0.82421875 0.09375 0.0265625
1 0.87578125 0.86484375 0.1203125 0.0390625
1 0.66484375 0.68359375 0.1984375 0.0421875
1 0.440625 0.703125 0.18125 0.03125
1 0.6140625 0.6453125 0.159375 0.028125
1 0.45625 0.61875 0.15625 0.025
1 0.65625 0.6234375 0.09375 0.028125