1 0.2625 0.9390625 0.225 0.11875
1 0.55859375 0.86015625 0.2328125 0.1484375
1 0.86328125 0.9421875 0.1890625 0.1125
1 0.6921875 0.75390625 0.1875 0.1046875
1 0.35703125 0.65234375 0.1359375 0.0546875
1 0.4234375 0.603125 0.134375 0.05625
1 0.10859375 0.63828125 0.1265625 0.0859375
1 0.9171875 0.7375 0.084375 0.065625
1 0.69609375 0.62890625 0.0765625 0.0390625
1 0.796875 0.6515625 0.059375 0.025
1 0.88984375 0.6625 0.1078125 0.034375
1 0.8234375 0.62421875 0.10625 0.0484375
1 0.63828125 0.54453125 0.1109375 0.0484375
1 0.0921875 0.559375 0.08125 0.034375
1 0.240625 0.5421875 0.084375 0.028125
1 0.31328125 0.51328125 0.0953125 0.0515625