2 0.6328125 0.88828125 0.0390625 0.01171875
2 0.6015625 0.8734375 0.04140625 0.009375
2 0.61015625 0.85390625 0.05234375 0.01015625
2 0.60859375 0.834375 0.05 0.0140625
2 0.5953125 0.7265625 0.0171875 0.009375
2 0.56484375 0.75546875 0.02265625 0.00625
7 0.66640625 0.76953125 0.18046875 0.06484375
7 0.62421875 0.81328125 0.02578125 0.01171875
7 0.73671875 0.86953125 0.17109375 0.1140625
7 0.67109375 0.80703125 0.025 0.0140625
7 0.61875 0.675 0.06328125 0.01328125
7 0.67734375 0.71328125 0.03515625 0.0203125