7 0.75078125 0.890625 0.21015625 0.1265625
7 0.671875 0.825 0.03359375 0.01875
7 0.665625 0.78203125 0.1890625 0.07578125
7 0.61796875 0.83046875 0.02890625 0.01484375
7 0.67265625 0.715625 0.03671875 0.01484375
7 0.62734375 0.67578125 0.06328125 0.02421875
2 0.58828125 0.73125 0.02265625 0.00546875
2 0.55625 0.76328125 0.02109375 0.00859375
2 0.571875 0.80234375 0.01484375 0.00625
2 0.6 0.853125 0.05078125 0.009375
2 0.61015625 0.87421875 0.05078125 0.015625
2 0.59765625 0.8984375 0.040625 0.0109375
2 0.63125 0.91640625 0.04453125 0.0140625