2 0.5890625 0.9359375 0.04453125 0.01015625
2 0.60703125 0.90859375 0.053125 0.0140625
2 0.5953125 0.8859375 0.06328125 0.01015625
2 0.5625 0.82578125 0.02109375 0.00703125
2 0.54765625 0.77890625 0.02578125 0.01015625
2 0.584375 0.74609375 0.02578125 0.00546875
7 0.66484375 0.8 0.2046875 0.0890625
7 0.7390625 0.925 0.178125 0.15
7 0.67109375 0.8453125 0.03046875 0.01640625
7 0.61484375 0.85625 0.03125 0.01640625
7 0.66953125 0.7265625 0.04453125 0.015625
7 0.63046875 0.68359375 0.03984375 0.01640625